Z	TIME
-983	2136766182
-959	2136766222
-887	2136766262
-935	2136766302
-999	2136766342
-983	2136766382
-967	2136766422
-919	2136766462
-991	2136766502
-927	2136766542
-991	2136766582
-959	2136766622
-991	2136766662
-975	2136766702
-991	2136766742
-983	2136766782
-991	2136766822
-975	2136766862
-967	2136766902
-983	2136766942
-967	2136766982
-959	2136767022
-983	2136767062
-919	2136767102
-991	2136767142
248	2136767204
208	2136767244
248	2136767284
336	2136767324
368	2136767364
408	2136767404
216	2136767444
120	2136767484
328	2136767524
392	2136767564
264	2136767604
8	2136767644
96	2136767684
208	2136767724
128	2136767764
-47	2136767804
0	2136767844
160	2136767884
112	2136767924
32	2136767964
72	2136768004
-471	2136768044
-167	2136768084
176	2136768124
288	2136768164
160	2136767714
32	2136767754
8	2136767794
168	2136767834
312	2136767874
232	2136767914
296	2136767954
456	2136767994
352	2136768034
424	2136768074
480	2136768114
536	2136768154
600	2136768194
552	2136768234
600	2136768274
584	2136768314
632	2136768354
640	2136768394
552	2136768434
624	2136768474
640	2136768514
608	2136768554
704	2136768594
696	2136768634
656	2136768674
712	2136768225
680	2136768265
696	2136768305
680	2136768345
608	2136768385
608	2136768425
600	2136768465
600	2136768505
592	2136768545
656	2136768585
576	2136768625
544	2136768665
608	2136768705
632	2136768745
648	2136768785
664	2136768825
632	2136768865
664	2136768905
720	2136768945
736	2136768985
680	2136769025
680	2136769065
672	2136769105
736	2136769145
776	2136769185
776	2136768736
768	2136768776
744	2136768816
824	2136768856
856	2136768896
848	2136768936
848	2136768976
864	2136769016
888	2136769056
928	2136769096
896	2136769136
904	2136769176
888	2136769216
848	2136769256
856	2136769296
896	2136769336
848	2136769376
872	2136769416
848	2136769456
888	2136769496
936	2136769536
856	2136769576
888	2136769616
952	2136769656
832	2136769696
880	2136769247
928	2136769287
936	2136769327
912	2136769367
840	2136769407
840	2136769447
896	2136769487
872	2136769527
840	2136769567
784	2136769607
856	2136769647
832	2136769687
824	2136769727
816	2136769767
776	2136769807
824	2136769847
832	2136769887
848	2136769927
792	2136769967
696	2136770007
784	2136770047
768	2136770087
768	2136770127
768	2136770167
720	2136770207
664	2136769757
712	2136769797
656	2136769837
616	2136769877
600	2136769917
576	2136769957
616	2136769997
560	2136770037
568	2136770077
552	2136770117
504	2136770157
512	2136770197
648	2136770237
632	2136770277
600	2136770317
560	2136770357
640	2136770397
752	2136770437
648	2136770477
648	2136770517
744	2136770557
776	2136770597
744	2136770637
776	2136770677
888	2136770717
944	2136770268
960	2136770308
848	2136770348
824	2136770388
952	2136770428
904	2136770468
928	2136770508
840	2136770548
968	2136770588
856	2136770628
912	2136770668
800	2136770708
864	2136770748
888	2136770788
976	2136770828
896	2136770868
888	2136770908
936	2136770948
928	2136770988
880	2136771028
848	2136771068
920	2136771108
904	2136771148
888	2136771188
872	2136771228
944	2136770268
960	2136770308
848	2136770348
824	2136770388
952	2136770428
904	2136770468
928	2136770508
840	2136770548
968	2136770588
856	2136770628
912	2136770668
800	2136770708
864	2136770748
888	2136770788
976	2136770828
896	2136770868
888	2136770908
936	2136770948
928	2136770988
880	2136771028
848	2136771068
920	2136771108
904	2136771148
888	2136771188
872	2136771228
616	2136772820
600	2136772860
624	2136772900
672	2136772940
720	2136772980
688	2136773020
688	2136773060
696	2136773100
696	2136773140
712	2136773180
744	2136773220
720	2136773260
720	2136773300
704	2136773340
672	2136773380
720	2136773420
752	2136773460
800	2136773500
768	2136773540
784	2136773580
800	2136773620
744	2136773660
760	2136773700
784	2136773740
792	2136773780
792	2136773331
816	2136773371
776	2136773411
816	2136773451
776	2136773491
864	2136773531
872	2136773571
840	2136773611
848	2136773651
904	2136773691
904	2136773731
872	2136773771
808	2136773811
896	2136773851
864	2136773891
928	2136773931
880	2136773971
952	2136774011
904	2136774051
904	2136774091
888	2136774131
872	2136774171
896	2136774211
920	2136774251
888	2136774291
856	2136773841
920	2136773881
936	2136773921
944	2136773961
840	2136774001
872	2136774041
920	2136774081
928	2136774121
840	2136774161
872	2136774201
920	2136774241
880	2136774281
856	2136774321
824	2136774361
928	2136774401
904	2136774441
808	2136774481
808	2136774521
872	2136774561
832	2136774601
800	2136774641
792	2136774681
824	2136774721
832	2136774761
744	2136774801
760	2136774352
728	2136774392
728	2136774432
712	2136774472
712	2136774512
688	2136774552
688	2136774592
640	2136774632
600	2136774672
560	2136774712
624	2136774752
592	2136774792
592	2136774832
552	2136774872
544	2136774912
568	2136774952
568	2136774992
480	2136775032
576	2136775072
544	2136775112
488	2136775152
504	2136775192
512	2136775232
512	2136775272
584	2136775312
568	2136774863
544	2136774903
592	2136774943
600	2136774983
576	2136775023
640	2136775063
616	2136775103
512	2136775143
552	2136775183
624	2136775223
664	2136775263
624	2136775303
624	2136775343
664	2136775383
680	2136775423
696	2136775463
696	2136775503
728	2136775543
760	2136775583
824	2136775623
832	2136775663
880	2136775703
864	2136775743
864	2136775783
920	2136775823
960	2136775374
920	2136775414
984	2136775454
1016	2136775494
960	2136775534
992	2136775574
1032	2136775614
1008	2136775654
960	2136775694
920	2136775734
952	2136775774
896	2136775814
952	2136775854
840	2136775894
904	2136775934
920	2136775974
888	2136776014
824	2136776054
800	2136776094
808	2136776134
792	2136776174
800	2136776214
792	2136776254
712	2136776294
744	2136776334
728	2136775884
688	2136775924
664	2136775964
656	2136776004
632	2136776044
752	2136776084
664	2136776124
520	2136776164
616	2136776204
656	2136776244
568	2136776284
496	2136776324
504	2136776364
496	2136776404
440	2136776444
464	2136776484
512	2136776524
536	2136776564
616	2136776604
600	2136776644
672	2136776684
688	2136776724
688	2136776764
744	2136776804
760	2136776844
736	2136776395
760	2136776435
776	2136776475
752	2136776515
768	2136776555
808	2136776595
776	2136776635
840	2136776675
824	2136776715
848	2136776755
888	2136776795
896	2136776835
896	2136776875
864	2136776915
840	2136776955
920	2136776995
912	2136777035
792	2136777075
824	2136777115
872	2136777155
888	2136777195
808	2136777235
824	2136777275
896	2136777315
808	2136777355
744	2136776906
800	2136776946
856	2136776986
784	2136777026
792	2136777066
776	2136777106
960	2136777146
832	2136777186
856	2136777226
952	2136777266
952	2136777306
936	2136777346
840	2136777386
832	2136777426
840	2136777466
848	2136777506
776	2136777546
792	2136777586
704	2136777626
672	2136777666
712	2136777706
664	2136777746
552	2136777786
544	2136777826
584	2136777866
544	2136777417
552	2136777457
584	2136777497
560	2136777537
512	2136777577
520	2136777617
504	2136777657
520	2136777697
528	2136777737
552	2136777777
560	2136777817
480	2136777857
520	2136777897
536	2136777937
520	2136777977
520	2136778017
568	2136778057
576	2136778097
600	2136778137
632	2136778177
648	2136778217
608	2136778257
640	2136778297
656	2136778337
664	2136778377
648	2136777927
680	2136777967
704	2136778007
696	2136778047
744	2136778087
752	2136778127
776	2136778167
840	2136778207
824	2136778247
856	2136778287
880	2136778327
848	2136778367
856	2136778407
896	2136778447
920	2136778487
888	2136778527
912	2136778567
920	2136778607
928	2136778647
896	2136778687
904	2136778727
928	2136778767
864	2136778807
912	2136778847
896	2136778887
776	2136779969
848	2136780009
784	2136780049
736	2136780089
768	2136780129
728	2136780169
752	2136780209
712	2136780249
720	2136780289
752	2136780329
776	2136780369
632	2136780409
576	2136780449
648	2136780489
568	2136780529
624	2136780569
600	2136780609
552	2136780649
512	2136780689
632	2136780729
592	2136780769
568	2136780809
560	2136780849
512	2136780889
544	2136780929
584	2136780481
568	2136780521
608	2136780561
600	2136780601
576	2136780641
624	2136780681
608	2136780721
608	2136780761
624	2136780801
632	2136780841
712	2136780881
584	2136780921
656	2136780961
728	2136781001
744	2136781041
704	2136781081
728	2136781121
792	2136781161
840	2136781201
824	2136781241
840	2136781281
880	2136781321
928	2136781361
880	2136781401
848	2136781441
864	2136780992
920	2136781032
976	2136781072
944	2136781112
912	2136781152
904	2136781192
952	2136781232
952	2136781272
864	2136781312
880	2136781352
904	2136781392
800	2136781432
872	2136781472
752	2136781512
776	2136781552
760	2136781592
760	2136781632
768	2136781672
776	2136781712
736	2136781752
728	2136781792
720	2136781832
600	2136781872
656	2136781912
640	2136781952
600	2136781502
496	2136781542
496	2136781582
496	2136781622
496	2136781662
456	2136781702
416	2136781742
304	2136781782
408	2136781822
360	2136781862
280	2136781902
248	2136781942
336	2136781982
344	2136782022
416	2136782062
432	2136782102
472	2136782142
512	2136782182
552	2136782222
584	2136782262
600	2136782302
584	2136782342
616	2136782382
680	2136782422
704	2136782462
704	2136782013
712	2136782053
768	2136782093
808	2136782133
744	2136782173
752	2136782213
752	2136782253
912	2136782293
736	2136782333
768	2136782373
776	2136782413
864	2136782453
816	2136782493
760	2136782533
776	2136782573
872	2136782613
904	2136782653
840	2136782693
808	2136782733
856	2136782773
888	2136782813
904	2136782853
816	2136782893
856	2136782933
888	2136782973
896	2136782523
896	2136782563
880	2136782603
824	2136782643
864	2136782683
920	2136782723
920	2136782763
816	2136782803
776	2136782843
888	2136782883
880	2136782923
944	2136782963
792	2136783003
776	2136783043
872	2136783083
816	2136783123
752	2136783163
680	2136783203
760	2136783243
800	2136783283
712	2136783323
680	2136783363
632	2136783403
680	2136783443
704	2136783483
672	2136783035
552	2136783075
536	2136783115
600	2136783155
648	2136783195
592	2136783235
512	2136783275
536	2136783315
608	2136783355
624	2136783395
544	2136783435
432	2136783475
528	2136783515
600	2136783555
624	2136783595
624	2136783635
600	2136783675
552	2136783715
632	2136783755
704	2136783795
712	2136783835
632	2136783875
568	2136783915
608	2136783955
584	2136783995
568	2136783545
544	2136783585
552	2136783625
576	2136783665
600	2136783705
600	2136783745
648	2136783785
576	2136783825
624	2136783865
632	2136783905
632	2136783945
696	2136783985
664	2136784025
656	2136784065
592	2136784105
656	2136784145
696	2136784185
712	2136784225
696	2136784265
536	2136784305
560	2136784345
704	2136784385
680	2136784425
664	2136784465
496	2136784505
456	2136784056
536	2136784096
592	2136784136
568	2136784176
208	2136784216
48	2136784256
240	2136784296
368	2136784336
368	2136784376
168	2136784416
-47	2136784456
-23	2136784496
48	2136784536
-31	2136784576
-151	2136784616
-167	2136784656
-135	2136784696
-111	2136784736
-63	2136784776
-167	2136784816
-383	2136784856
-431	2136784896
-343	2136784936
-71	2136784976
-199	2136785016
-103	2136784567
-255	2136784607
-143	2136784647